L4_SS_Sz2_R1E4_skip16: 0.688959
L8_SS_Sz2_R1E4_skip64: 126.559610
L16_SS_Sz2_R1E4_skip256: 28638.306166
